[0, 1, 2, 3, 4, 5, 6, 7, 8, 9, 10, 11, 12, 13, 14, 15, 16, 17, 18, 19, 20, 21, 22, 23, 24, 25, 26, 27, 28, 29, 30, 31, 32, 33, 34, 35, 36, 37, 38, 39, 40, 41, 42, 43, 44, 45, 46, 47, 48, 49, 50, 51, 52, 53, 54, 55, 56, 57, 58, 59, 60, 61, 62, 63, 64, 65, 66, 67, 68, 69, 70, 71, 72, 73, 74, 75, 76, 77, 78, 79, 80, 81, 82, 83, 84, 85, 86, 87, 88, 89, 90, 91, 92, 93, 94, 95, 96, 97, 98, 99]
[0, 1, 2]
[0, 1, 2]
[10, 12, 14, 16, 18]
[0, 13, 26, 39, 52, 65, 78, 91]
[95, 96, 97, 98, 99]
[95, 96, 97]
(0, 1, 2, 3, 4, 5, 6, 7, 8, 9, 10, 11, 12, 13, 14, 15, 16, 17, 18, 19, 20, 21, 22, 23, 24, 25, 26, 27, 28, 29, 30, 31, 32, 33, 34, 35, 36, 37, 38, 39, 40, 41, 42, 43, 44, 45, 46, 47, 48, 49, 50, 51, 52, 53, 54, 55, 56, 57, 58, 59, 60, 61, 62, 63, 64, 65, 66, 67, 68, 69, 70, 71, 72, 73, 74, 75, 76, 77, 78, 79, 80, 81, 82, 83, 84, 85, 86, 87, 88, 89, 90, 91, 92, 93, 94, 95, 96, 97, 98, 99)
(0, 1, 2)
(0, 1, 2)
(10, 12, 14, 16, 18)
(0, 13, 26, 39, 52, 65, 78, 91)
(95, 96, 97, 98, 99)
(95, 96, 97)
ABCDEFGHIGKLMNOPQRSTUVWXYZ
ABC
ABC
KMOQS
AEIMQUY
VWXYZ
VWX
name
age
addr
zhangsan
22
shanghai
name zhangsan
age 22
addr shanghai
abcde 是可迭代对象
(1, 2, 3) 是可迭代对象
[1, 2, 3] 是可迭代对象
{'name': 'zhangsan', 'age': 22, 'addr': 'shanghai'} 是可迭代对象
0 d
1 i
2 c
3 t
4 t
[1, 4, 9, 16, 25, 36, 49, 64, 81, 100]
[4, 16, 36, 64, 100]
['AX', 'AY', 'AZ', 'BX', 'BY', 'BZ', 'CX', 'CY', 'CZ']
['00.py', 'util.py', '__pycache__', '04-advance_features.py', 'tpm', '.vscode']
['x = A', 'y = B', 'z = C']
['HELLO', 'WORLD', 'IBM', 'APPLE']
[1, -2, -3, 4, 5, -6, -7, 8, 9, -10]
[2, 4, 6, 8, 10]
<generator object <genexpr> at 0x7f302c900270>
0
1
2
3
4
5
6
7
8
9
10
11
12
13
14
15
16
17
18
19
20
21
22
23
24
25
26
27
28
29
30
31
32
33
34
35
36
37
38
39
40
41
42
43
44
45
46
47
48
49
50
51
52
53
54
55
56
57
58
59
60
61
62
63
64
65
66
67
68
69
70
71
72
73
74
75
76
77
78
79
80
81
82
83
84
85
86
87
88
89
90
91
92
93
94
95
96
97
98
99
